[header]
width=110
height=20
tilewidth=32
tileheight=32

[tilesets]
tileset=../level00.png,32,32,0,0

[layer]
type=Tile Layer 1
data=
2,2,2,2,2,2,2,2,2,2,2,2,2,2,2,2,2,2,2,2,2,2,2,2,2,2,2,2,2,2,2,2,2,2,2,2,2,2,2,2,2,2,2,2,2,2,2,2,2,2,2,2,2,2,2,2,2,2,2,2,2,2,2,2,2,2,2,2,2,2,2,2,2,2,2,2,2,13,5,5,5,5,5,5,5,5,5,5,5,5,5,5,5,5,5,5,5,5,5,5,14,2,2,2,2,2,2,2,2,2,
2,2,2,13,5,5,5,14,2,2,2,2,2,2,2,2,2,2,2,2,2,2,2,2,2,2,2,2,2,2,2,2,2,2,2,2,2,2,2,2,2,2,2,2,2,2,2,2,2,2,2,2,2,2,2,2,2,2,2,2,2,2,2,2,2,13,5,5,5,5,5,5,5,5,5,5,5,9,66,0,0,0,0,0,55,55,55,55,55,0,0,0,55,55,55,55,0,0,0,65,10,5,5,5,5,14,2,2,2,2,
2,13,5,9,55,55,55,10,5,5,14,13,5,5,5,5,5,5,14,2,2,2,2,2,2,2,2,2,2,2,2,13,5,5,5,5,5,5,5,5,5,5,5,5,5,5,5,5,5,5,14,2,2,2,2,13,5,5,5,5,5,5,5,5,5,9,0,55,55,0,0,0,0,0,0,0,0,0,0,0,0,0,0,0,0,0,0,0,0,0,0,0,0,0,0,0,0,0,0,0,0,0,55,55,55,10,5,14,2,2,
2,4,0,0,0,0,0,0,0,0,10,9,55,55,55,55,55,55,10,5,14,2,2,2,2,2,2,2,13,5,5,9,0,0,43,45,45,45,45,45,43,45,45,45,45,43,0,0,0,0,10,14,2,2,13,9,55,55,55,55,0,0,0,0,0,0,0,0,0,0,0,0,0,58,0,0,0,0,0,0,0,0,0,0,0,0,0,0,0,0,0,0,0,0,0,0,0,0,0,0,0,0,0,0,0,0,0,10,14,2,
2,4,66,0,0,0,0,0,0,0,0,0,0,0,0,0,0,0,0,0,10,5,14,2,2,2,13,5,9,0,0,0,0,0,43,0,0,0,0,0,43,0,0,0,0,43,0,0,0,0,0,10,25,5,9,66,0,0,0,0,0,0,0,0,0,0,0,0,0,0,0,0,0,0,0,0,0,0,0,0,0,0,0,0,0,0,0,0,0,0,0,0,0,0,0,0,0,0,0,0,0,0,0,0,0,0,0,0,6,2,
2,4,0,0,0,0,0,0,0,0,0,0,0,0,0,0,0,0,0,0,0,0,10,14,2,13,9,0,0,0,0,0,0,0,43,0,0,0,0,0,43,0,0,0,0,43,0,0,0,0,0,0,19,55,0,0,0,0,0,0,0,0,0,0,0,0,0,0,0,0,0,0,0,0,0,32,0,0,0,0,0,0,0,0,0,0,0,0,0,0,0,0,0,0,0,0,48,0,0,0,0,0,0,0,0,0,0,0,10,14,
2,4,0,100,0,0,0,0,0,0,0,0,0,0,0,0,0,0,0,0,0,0,0,10,14,4,66,0,0,0,0,0,0,0,43,0,0,0,0,0,43,0,0,0,0,43,0,0,0,0,0,0,0,0,0,0,0,0,0,0,0,0,58,0,0,0,0,0,0,0,32,0,0,0,0,0,0,0,0,0,48,0,0,0,0,0,0,0,0,0,0,0,0,0,58,48,0,0,0,0,0,0,0,0,0,0,0,0,65,6,
2,4,0,0,0,0,0,0,0,0,58,0,0,0,0,0,0,0,0,0,0,0,0,0,10,9,0,0,0,0,0,0,0,0,41,0,0,0,0,0,43,0,0,0,0,43,0,0,0,0,0,0,0,0,0,0,0,0,0,0,0,0,0,0,0,0,0,0,0,0,0,0,0,0,0,0,0,0,0,0,0,0,0,0,47,0,0,0,0,0,0,0,0,0,48,0,0,0,0,0,0,0,0,0,0,0,99,0,0,6,
2,4,0,0,0,0,0,0,0,0,0,0,0,0,48,0,0,0,0,0,0,0,0,0,0,0,0,0,0,0,0,0,0,0,41,0,0,0,0,0,43,0,0,0,0,43,0,0,0,0,0,0,0,0,0,0,0,0,0,0,0,0,0,0,32,0,0,0,0,0,0,0,0,0,0,0,0,0,0,0,0,0,0,0,0,0,0,0,0,0,46,0,0,0,0,0,0,0,0,0,0,0,0,0,0,0,0,0,0,6,
2,12,3,3,8,0,0,0,0,0,0,0,0,0,0,0,0,48,0,0,0,0,0,0,0,0,0,0,0,0,0,0,0,0,41,0,0,0,0,0,41,0,0,0,0,41,0,0,0,0,0,7,8,0,0,0,0,0,0,32,0,0,0,0,0,0,0,0,0,0,0,0,0,0,0,0,0,0,0,0,0,0,0,0,0,0,0,0,0,0,0,0,0,0,0,0,0,0,0,0,0,47,0,0,0,0,20,15,15,26,
2,2,2,2,4,0,0,0,0,0,0,48,0,0,0,0,0,0,0,0,0,0,0,0,0,0,0,0,0,0,0,0,0,0,41,0,0,0,0,0,41,0,0,0,0,41,0,0,0,0,7,11,4,0,0,0,0,0,0,0,0,0,0,0,0,0,0,0,0,0,0,0,0,0,0,0,0,0,0,0,0,0,0,0,0,0,0,0,0,0,0,0,0,0,0,0,0,0,0,0,0,0,0,0,0,0,0,0,0,6,
2,2,2,13,9,0,0,48,0,0,0,0,0,0,0,0,0,0,0,0,0,0,0,0,0,0,48,0,0,0,0,0,0,0,41,0,0,0,0,0,41,0,0,0,0,0,0,0,0,7,11,2,4,64,64,64,64,64,64,64,64,64,64,64,64,64,64,64,64,64,64,64,64,64,64,64,64,64,64,64,64,64,64,64,64,64,64,64,64,64,64,64,64,64,64,64,64,64,64,64,64,64,64,64,64,64,64,64,64,6,
2,2,2,4,0,0,0,0,0,0,0,0,0,0,0,0,0,0,0,0,0,0,0,0,0,0,0,0,0,48,0,0,0,0,0,0,0,0,0,0,41,0,0,0,0,0,0,0,0,6,2,2,4,63,63,63,63,63,63,63,63,63,63,63,63,63,63,63,63,63,63,63,63,63,63,63,63,63,63,63,63,63,63,63,63,63,63,63,63,63,63,63,63,63,63,63,63,63,63,63,63,63,63,63,63,63,63,63,63,6,
2,2,2,4,0,0,0,0,0,0,0,0,0,0,0,0,0,0,0,0,48,0,0,0,0,0,0,0,0,0,0,0,0,0,0,0,0,0,0,0,0,0,0,0,0,53,53,53,53,6,2,2,4,63,63,63,63,63,63,63,63,63,63,63,63,63,63,63,63,63,63,63,63,63,63,63,63,63,63,63,63,63,63,63,63,63,63,63,63,63,63,63,63,63,63,63,63,63,63,63,63,63,63,63,63,63,63,63,63,6,
2,2,13,9,0,0,0,0,0,0,0,0,0,53,53,53,53,0,0,0,0,0,0,48,0,0,0,0,0,0,0,0,0,0,0,0,0,0,0,0,0,0,0,0,53,7,3,3,3,11,2,2,12,8,63,63,63,63,63,63,63,63,63,63,63,63,63,63,63,63,63,63,63,63,63,63,63,63,63,63,63,63,63,7,8,63,63,63,63,63,63,63,63,63,63,63,63,63,63,63,63,63,63,63,63,63,63,63,7,11,
2,13,9,0,0,0,0,0,0,0,0,53,53,7,3,3,8,53,53,0,0,0,0,0,0,0,53,53,53,53,0,0,0,0,0,0,0,0,0,53,53,53,53,53,7,11,2,2,2,2,2,2,2,4,63,63,63,63,63,63,63,63,63,63,63,63,63,63,63,63,63,63,63,63,63,63,63,63,63,63,63,63,7,11,12,8,63,63,63,63,63,63,63,63,63,63,63,63,63,63,63,63,63,63,63,63,63,7,11,2,
2,4,0,0,0,0,53,53,53,53,53,7,3,11,2,2,12,3,8,53,53,53,0,0,53,53,7,3,3,8,53,53,53,53,53,53,53,53,53,7,3,3,3,3,11,2,2,2,2,2,2,2,2,12,3,8,63,63,63,63,63,63,63,63,63,7,3,3,3,8,63,63,63,63,63,63,63,63,63,7,3,3,11,2,2,12,3,3,3,8,63,63,63,63,63,7,3,3,3,3,8,63,63,63,7,3,3,11,2,2,
2,4,53,53,53,53,7,3,3,3,3,11,2,2,2,2,2,2,12,3,3,8,53,53,7,3,11,2,2,12,3,3,3,3,3,3,3,3,3,11,2,2,2,2,2,2,2,2,2,2,2,2,2,2,2,12,3,8,63,7,3,3,3,3,3,11,2,2,2,12,3,8,63,63,7,3,3,3,3,11,2,2,2,2,2,2,2,2,2,12,3,3,3,3,3,11,2,2,2,2,12,3,3,3,11,2,2,2,2,2,
2,12,3,3,3,3,11,2,2,2,2,2,2,2,2,2,2,2,2,2,2,12,3,3,11,2,2,2,2,2,2,2,2,2,2,2,2,2,2,2,2,2,2,2,2,2,2,2,2,2,2,2,2,2,2,2,2,12,3,11,2,2,2,2,2,2,2,2,2,2,2,12,3,3,11,2,2,2,2,2,2,2,2,2,2,2,2,2,2,2,2,2,2,2,2,2,2,2,2,2,2,2,2,2,2,2,2,2,2,2,
2,2,2,2,2,2,2,2,2,2,2,2,2,2,2,2,2,2,2,2,2,2,2,2,2,2,2,2,2,2,2,2,2,2,2,2,2,2,2,2,2,2,2,2,2,2,2,2,2,2,2,2,2,2,2,2,2,2,2,2,2,2,2,2,2,2,2,2,2,2,2,2,2,2,2,2,2,2,2,2,2,2,2,2,2,2,2,2,2,2,2,2,2,2,2,2,2,2,2,2,2,2,2,2,2,2,2,2,2,2

